$ 1 0.000005 10.20027730826997 50 5 50
a 736 80 848 80 0 15 -15 1000000 0.004609300874443743 0.004556893585455982
r 736 64 640 64 0 200
r 736 96 656 96 0 100
r 656 96 576 96 0 100
w 640 64 576 64 0
w 576 64 576 96 0
t 688 144 656 144 0 1 0.7164291281385929 0.720986021724048 100
w 656 128 656 96 0
w 736 32 736 64 0
w 848 32 848 80 0
r 688 144 832 144 0 100
g 656 160 656 192 0
w 576 96 528 96 0
172 464 112 432 112 0 6 5.25 15 0 0 0.5 control del schmitt
r 736 32 848 32 0 200
a 848 96 976 96 0 15 -15 1000000 -5.240728898776107 -5.240578816601447
w 832 144 976 144 0
w 976 144 976 96 0
w 848 112 848 176 0
w 848 176 528 176 0
a 464 96 528 96 0 15 -15 1000000 5.2499475005249945 5.25
w 464 80 464 48 0
w 464 48 528 48 0
w 528 48 528 96 0
a 320 176 400 176 0 15 -15 1000000 0.00005240578816601448 0
c 320 128 400 128 0 0.00001 5.240631222389613
r 320 160 240 160 0 100
w 320 128 320 160 0
w 400 128 400 176 0
a 160 160 240 160 0 15 -15 1000000 2.0990766393419413 2.0990971208747284
r 160 112 240 112 0 200
r 160 144 96 144 0 200
r 160 176 112 176 0 100
r 112 176 64 176 0 100
t 128 224 112 224 0 1 -17.011489724328026 -14.912392603453299 100
g 320 192 320 208 0
w 112 208 112 176 0
w 96 144 64 144 0
w 64 144 64 176 0
w 64 176 32 176 0
g 112 240 112 256 0
r 128 224 208 224 0 100
172 32 176 0 176 0 6 2.15 5 0 0 0.5 control carga del condensador
w 160 112 160 144 0
w 240 112 240 160 0
a 576 240 496 240 0 15 -15 1000000 0.0001500791730761099 0
r 576 224 720 224 0 100
r 496 192 576 192 0 100
g 576 256 576 288 0
w 496 192 496 240 0
w 576 192 576 224 0
w 208 224 208 240 0
a 240 352 336 352 0 15 -15 1000000 -5.269393258993116 -5.269446241594183
r 240 304 336 304 0 200
r 240 336 176 336 0 200
r 240 368 176 368 0 100
r 176 368 112 368 0 100
w 176 336 112 336 0
w 240 304 240 336 0
w 336 304 336 352 0
w 112 336 112 368 0
t 192 416 176 416 0 1 -9.664863827869013 -14.934310069463196 100
r 192 416 288 416 0 100
g 176 432 176 448 0
w 176 400 176 368 0
w 368 416 368 368 0
a 32 336 112 336 0 15 -15 1000000 -5.240526411337334 -5.240578816601447
w 32 320 32 288 0
w 32 288 112 288 0
w 112 288 112 336 0
w 288 416 368 416 0
w 16 352 32 352 0
x 11 51 400 54 0 24 CC-BY-SA Santiago Calvo Ramos
x 10 73 444 76 0 24 <santiagocalvoramos@gmail.com>
w 16 352 16 272 0
w 16 272 400 272 0
w 400 272 400 176 0
w 864 368 928 368 0
w 864 368 864 400 0
w 864 368 864 336 0
w 816 368 864 368 0
R 896 544 928 544 0 0 40 -12 0 0 0.5
R 896 192 928 192 0 0 40 12 0 0 0.5
w 864 544 864 480 0
w 896 544 864 544 0
w 896 528 896 544 0
w 864 192 864 256 0
w 896 192 864 192 0
w 896 208 896 192 0
r 896 496 896 528 0 8200
r 896 240 896 208 0 8200
g 896 336 896 352 0
g 896 400 896 384 0
r 896 432 896 400 0 2700
r 896 304 896 336 0 2700
174 896 304 896 240 0 470 0.5 Resistance
174 896 496 896 432 0 470 0.5 Resistance
t 880 464 864 464 0 -1 8.475655248691018 -0.6101602126265178 100
t 880 272 864 272 0 1 -8.486698446883942 0.6133213728396569 100
w 976 352 1008 352 0
w 976 304 976 352 0
w 912 304 976 304 0
w 912 336 912 304 0
w 928 336 912 336 0
a 928 352 976 352 0 12 -12 1000000 -3.5122950595000892 -3.5123301824506843
g 608 448 608 432 0
g 608 288 608 304 0
w 768 400 768 336 0
w 688 400 688 336 0
w 816 336 816 368 0
w 736 368 816 368 0
w 736 336 736 368 0
w 656 368 736 368 0
r 608 368 656 368 0 2200
r 768 336 816 336 0 2100
r 688 336 736 336 0 7800
d 864 448 864 400 1 0.805904783
d 768 448 768 400 1 0.805904783
d 688 448 688 400 1 0.805904783
d 864 336 864 288 1 0.805904783
d 768 336 768 288 1 0.805904783
d 688 336 688 288 1 0.805904783
r 608 448 688 448 0 220
r 688 448 768 448 0 270
r 768 448 864 448 0 150
r 768 288 864 288 0 150
r 688 288 768 288 0 270
r 608 288 688 288 0 220
w 480 368 608 368 0
w 400 176 480 176 0
w 480 176 528 176 0
w 208 240 368 240 0
w 368 368 368 240 0
w 368 240 496 240 0
w 832 144 832 224 0
w 832 224 720 224 0
w 480 368 480 176 0
x 477 393 595 396 0 24 triangular
x 343 347 534 350 0 24 diente de sierra
x 880 167 993 170 0 24 cuadrada
x 910 296 1012 299 0 24 senoidal
x 525 540 850 543 0 24 rvargas@inictel-uni.edu.pe
x 581 566 970 569 0 24 conformador triangular-senoidal
a 336 480 448 480 1 15 -15 1000000 -0.40000000000000036 -5.2982601066489
w 336 352 336 464 0
172 336 496 288 496 0 6 -0.40000000000000036 5 -5 0 0.5 Voltage
w 448 480 480 480 0
x 442 472 501 475 0 24 PWM
o 99 64 0 4099 2.5 0.00009765625 0 2 99 3
o 130 64 0 4099 5 0.00009765625 0 2 130 3
o 59 64 0 4099 5 0.025 0 2 59 3
o 17 64 0 4099 20 0.2 0 2 17 3
o 146 64 0 4099 20 0.00009765625 0 2 146 3
