$ 1 5.0E-6 10.20027730826997 50 5.0 50
a 752 112 864 112 0 15.0 -15.0 1000000.0
r 752 96 656 96 0 200.0
r 752 128 672 128 0 100.0
r 672 128 592 128 0 100.0
w 656 96 592 96 0
w 592 96 592 128 0
t 704 176 672 176 0 1 -23.55010897179816 -15.000194470953167 100.0
w 672 160 672 128 0
w 752 64 752 96 0
w 864 64 864 112 0
r 704 176 848 176 0 100.0
g 672 192 672 224 0
w 592 128 544 128 0
172 480 144 448 144 0 6 8.55 15.0 0.0 0.0 0.5 control del schmitt
r 752 64 864 64 0 200.0
a 864 128 992 128 0 15.0 -15.0 1000000.0
w 848 176 992 176 0
w 992 176 992 128 0
w 864 144 864 208 0
w 864 208 544 208 0
a 480 128 544 128 0 15.0 -15.0 1000000.0
w 480 112 480 80 0
w 480 80 544 80 0
w 544 80 544 128 0
a 336 208 416 208 0 15.0 -15.0 1000000.0
c 336 160 416 160 0 1.0E-5 -6.604949973113113
r 336 192 256 192 0 100.0
w 336 160 336 192 0
w 416 160 416 208 0
a 176 192 256 192 0 15.0 -15.0 1000000.0
r 176 144 256 144 0 200.0
r 176 176 112 176 0 200.0
r 176 208 128 208 0 100.0
r 128 208 80 208 0 100.0
w 416 208 544 208 0
t 144 256 128 256 0 1 0.7164806867874386 0.7185797333278798 100.0
g 336 224 336 240 0
w 128 240 128 208 0
w 112 176 80 176 0
w 80 176 80 208 0
w 80 208 48 208 0
g 128 272 128 288 0
r 144 256 224 256 0 100.0
w 992 176 992 256 0
172 48 208 16 208 0 6 2.15 5.0 0.0 0.0 0.5 control carga del condensador
w 176 144 176 176 0
w 256 144 256 192 0
a 848 272 768 272 0 15.0 -15.0 1000000.0
r 848 256 992 256 0 100.0
r 768 224 848 224 0 100.0
g 848 288 848 320 0
w 768 224 768 272 0
w 848 224 848 256 0
w 768 272 224 272 0
w 224 256 224 272 0
a 640 384 736 384 0 15.0 -15.0 1000000.0
r 640 336 736 336 0 200.0
r 640 368 576 368 0 200.0
r 640 400 576 400 0 100.0
r 576 400 512 400 0 100.0
w 576 368 512 368 0
w 640 336 640 368 0
w 736 336 736 384 0
w 512 368 512 400 0
t 592 448 576 448 0 1 0.716396581199745 0.7219588559096533 100.0
r 592 448 688 448 0 100.0
g 576 464 576 480 0
w 576 432 576 400 0
w 768 272 768 400 0
w 768 448 768 400 0
a 432 368 512 368 0 15.0 -15.0 1000000.0
w 432 352 432 320 0
w 432 320 512 320 0
w 512 320 512 368 0
w 416 208 416 384 0
w 688 448 768 448 0
w 416 384 432 384 0
O 880 432 928 432 0
O 880 480 928 480 0
O 880 384 928 384 0
w 736 384 880 384 0
w 416 384 416 512 0
w 416 512 880 512 0
w 880 512 880 480 0
w 992 256 992 336 0
w 992 336 832 336 0
w 832 336 832 432 0
w 832 432 880 432 0
x 885 374 952 380 0 24 sierra
x 886 420 996 426 0 24 cuadrada
x 891 468 1006 474 0 24 triangular
x 9 443 397 449 0 24 CC-BY-SA Santiago Calvo Ramos
x 11 466 436 472 0 24 <santiagocalvoramos@gmail.com>
o 34 64 0 35 10.0 9.765625E-5 0 -1
o 43 64 0 35 20.0 0.2 0 -1
o 62 64 0 35 10.0 0.05 0 -1
